a=1.0;
b=3.0;
c=1.0;
d=5.0;
I=2.7;
r=0.003;
s=4.0;
alf=-1.6;
dee